0000   00 0c 29 b4 90 14 ec f4 bb 96 12 0e 08 00 45 00
0010   00 34 1d 12 40 00 80 06 cb c3 c0 a8 c8 87 c0 a8
0020   c8 15 1e c3 07 d0 1f bc 16 d2 00 00 00 00 80 02
0030   fa f0 05 10 00 00 02 04 05 b4 01 03 03 08 01 01
0040   04 02

0000   ec f4 bb 96 12 0e 00 0c 29 b4 90 14 08 00 45 00
0010   00 34 00 00 40 00 40 06 28 d6 c0 a8 c8 15 c0 a8
0020   c8 87 07 d0 1e c3 b1 8a 67 5b 1f bc 16 d3 80 12
0030   fa f0 12 15 00 00 02 04 05 b4 01 01 04 02 01 03
0040   03 07

0000   00 0c 29 b4 90 14 ec f4 bb 96 12 0e 08 00 45 00
0010   00 28 1d 13 40 00 80 06 cb ce c0 a8 c8 87 c0 a8
0020   c8 15 1e c3 07 d0 1f bc 16 d3 b1 8a 67 5c 50 10
0030   04 02 23 db 00 00 00 00 00 00 00 00

0000   00 0c 29 b4 90 14 ec f4 bb 96 12 0e 08 00 45 00
0010   00 2e 1d 14 40 00 80 06 cb c7 c0 a8 c8 87 c0 a8
0020   c8 15 1e c3 07 d0 1f bc 16 d3 b1 8a 67 5c 50 18
0030   04 02 df f0 00 00 68 65 6c 6c 6f 0a

0000   ec f4 bb 96 12 0e 00 0c 29 b4 90 14 08 00 45 00
0010   00 28 9f 64 40 00 40 06 89 7d c0 a8 c8 15 c0 a8
0020   c8 87 07 d0 1e c3 b1 8a 67 5c 1f bc 16 d9 50 10
0030   01 f6 12 09 00 00

0000   00 0c 29 b4 90 14 ec f4 bb 96 12 0e 08 00 45 00
0010   00 28 1d 16 40 00 80 06 cb cb c0 a8 c8 87 c0 a8
0020   c8 15 1e c3 07 d0 1f bc 16 d9 b1 8a 67 5c 50 11
0030   04 02 23 d4 00 00 00 00 00 00 00 00

0000   ec f4 bb 96 12 0e 00 0c 29 b4 90 14 08 00 45 00
0010   00 28 9f 65 40 00 40 06 89 7c c0 a8 c8 15 c0 a8
0020   c8 87 07 d0 1e c3 b1 8a 67 5c 1f bc 16 da 50 11
0030   01 f6 12 09 00 00

0000   00 0c 29 b4 90 14 ec f4 bb 96 12 0e 08 00 45 00
0010   00 28 1d 17 40 00 80 06 cb ca c0 a8 c8 87 c0 a8
0020   c8 15 1e c3 07 d0 1f bc 16 da b1 8a 67 5d 50 10
0030   04 02 23 d3 00 00 00 00 00 00 00 00

0000   00 0c 29 b4 90 14 ec f4 bb 96 12 0e 08 00 45 00
0010   00 34 1d 1d 40 00 80 06 cb b8 c0 a8 c8 87 c0 a8
0020   c8 15 1e c4 07 d0 6a f0 7c f5 00 00 00 00 80 02
0030   fa f0 53 b7 00 00 02 04 05 b4 01 03 03 08 01 01
0040   04 02

0000   ec f4 bb 96 12 0e 00 0c 29 b4 90 14 08 00 45 00
0010   00 34 00 00 40 00 40 06 28 d6 c0 a8 c8 15 c0 a8
0020   c8 87 07 d0 1e c4 6f 9b 26 df 6a f0 7c f6 80 12
0030   fa f0 12 15 00 00 02 04 05 b4 01 01 04 02 01 03
0040   03 07

0000   00 0c 29 b4 90 14 ec f4 bb 96 12 0e 08 00 45 00
0010   00 28 1d 1e 40 00 80 06 cb c3 c0 a8 c8 87 c0 a8
0020   c8 15 1e c4 07 d0 6a f0 7c f6 6f 9b 26 e0 50 10
0030   04 02 f4 ed 00 00 00 00 00 00 00 00

0000   00 0c 29 b4 90 14 ec f4 bb 96 12 0e 08 00 45 00
0010   05 dc 1d 1f 40 00 80 06 c6 0e c0 a8 c8 87 c0 a8
0020   c8 15 1e c4 07 d0 6a f0 7c f6 6f 9b 26 e0 50 10
0030   04 02 af 99 00 00 0a 0a 0a 0a 0a 0a 4e 65 74 77
0040   6f 72 6b 20 57 6f 72 6b 69 6e 67 20 47 72 6f 75
0050   70 20 20 20 20 20 20 20 20 20 20 20 20 20 20 20
0060   20 20 20 20 20 20 20 20 20 20 20 20 20 20 20 20
0070   20 20 20 20 20 44 2e 20 57 61 69 74 7a 6d 61 6e
0080   0a 52 65 71 75 65 73 74 20 66 6f 72 20 43 6f 6d
0090   6d 65 6e 74 73 3a 20 32 35 34 39 20 20 20 20 20
00a0   20 20 20 20 20 20 20 20 20 20 20 20 20 20 20 20
00b0   20 20 49 72 6f 6e 42 72 69 64 67 65 20 4e 65 74
00c0   77 6f 72 6b 73 0a 55 70 64 61 74 65 73 3a 20 31
00d0   31 34 39 20 20 20 20 20 20 20 20 20 20 20 20 20
00e0   20 20 20 20 20 20 20 20 20 20 20 20 20 20 20 20
00f0   20 20 20 20 20 20 20 20 20 20 20 20 20 20 31 20
0100   41 70 72 69 6c 20 31 39 39 39 0a 43 61 74 65 67
0110   6f 72 79 3a 20 45 78 70 65 72 69 6d 65 6e 74 61
0120   6c 0a 0a 0a 20 20 20 20 20 20 20 20 20 20 20 20
0130   20 49 50 20 6f 76 65 72 20 41 76 69 61 6e 20 43
0140   61 72 72 69 65 72 73 20 77 69 74 68 20 51 75 61
0150   6c 69 74 79 20 6f 66 20 53 65 72 76 69 63 65 0a
0160   0a 53 74 61 74 75 73 20 6f 66 20 74 68 69 73 20
0170   4d 65 6d 6f 0a 0a 20 20 20 54 68 69 73 20 6d 65
0180   6d 6f 20 64 65 66 69 6e 65 73 20 61 6e 20 45 78
0190   70 65 72 69 6d 65 6e 74 61 6c 20 50 72 6f 74 6f
01a0   63 6f 6c 20 66 6f 72 20 74 68 65 20 49 6e 74 65
01b0   72 6e 65 74 0a 20 20 20 63 6f 6d 6d 75 6e 69 74
01c0   79 2e 20 20 49 74 20 64 6f 65 73 20 6e 6f 74 20
01d0   73 70 65 63 69 66 79 20 61 6e 20 49 6e 74 65 72
01e0   6e 65 74 20 73 74 61 6e 64 61 72 64 20 6f 66 20
01f0   61 6e 79 20 6b 69 6e 64 2e 0a 20 20 20 44 69 73
0200   63 75 73 73 69 6f 6e 20 61 6e 64 20 73 75 67 67
0210   65 73 74 69 6f 6e 73 20 66 6f 72 20 69 6d 70 72
0220   6f 76 65 6d 65 6e 74 20 61 72 65 20 72 65 71 75
0230   65 73 74 65 64 2e 0a 20 20 20 44 69 73 74 72 69
0240   62 75 74 69 6f 6e 20 6f 66 20 74 68 69 73 20 6d
0250   65 6d 6f 20 69 73 20 75 6e 6c 69 6d 69 74 65 64
0260   2e 0a 0a 43 6f 70 79 72 69 67 68 74 20 4e 6f 74
0270   69 63 65 0a 0a 20 20 20 43 6f 70 79 72 69 67 68
0280   74 20 28 43 29 20 54 68 65 20 49 6e 74 65 72 6e
0290   65 74 20 53 6f 63 69 65 74 79 20 28 31 39 39 39
02a0   29 2e 20 20 41 6c 6c 20 52 69 67 68 74 73 20 52
02b0   65 73 65 72 76 65 64 2e 0a 0a 41 62 73 74 72 61
02c0   63 74 0a 0a 20 20 20 54 68 69 73 20 6d 65 6d 6f
02d0   20 61 6d 65 6e 64 73 20 52 46 43 20 31 31 34 39
02e0   2c 20 22 41 20 53 74 61 6e 64 61 72 64 20 66 6f
02f0   72 20 74 68 65 20 54 72 61 6e 73 6d 69 73 73 69
0300   6f 6e 20 6f 66 20 49 50 0a 20 20 20 44 61 74 61
0310   67 72 61 6d 73 20 6f 6e 20 41 76 69 61 6e 20 43
0320   61 72 72 69 65 72 73 22 2c 20 77 69 74 68 20 51
0330   75 61 6c 69 74 79 20 6f 66 20 53 65 72 76 69 63
0340   65 20 69 6e 66 6f 72 6d 61 74 69 6f 6e 2e 0a 20
0350   20 20 54 68 69 73 20 69 73 20 61 6e 20 65 78 70
0360   65 72 69 6d 65 6e 74 61 6c 2c 20 6e 6f 74 20 72
0370   65 63 6f 6d 6d 65 6e 64 65 64 20 73 74 61 6e 64
0380   61 72 64 2e 0a 0a 4f 76 65 72 76 69 65 77 20 61
0390   6e 64 20 52 61 74 69 6f 6e 61 6c 0a 0a 20 20 20
03a0   54 68 65 20 66 6f 6c 6c 6f 77 69 6e 67 20 71 75
03b0   61 6c 69 74 79 20 6f 66 20 73 65 72 76 69 63 65
03c0   20 6c 65 76 65 6c 73 20 61 72 65 20 61 76 61 69
03d0   6c 61 62 6c 65 3a 20 43 6f 6e 63 6f 72 64 65 2c
03e0   0a 20 20 20 46 69 72 73 74 2c 20 42 75 73 69 6e
03f0   65 73 73 2c 20 61 6e 64 20 43 6f 61 63 68 2e 20
0400   20 43 6f 6e 63 6f 72 64 65 20 63 6c 61 73 73 20
0410   6f 66 66 65 72 73 20 65 78 70 65 64 69 74 65 64
0420   20 64 61 74 61 0a 20 20 20 64 65 6c 69 76 65 72
0430   79 2e 20 20 4f 6e 65 20 6d 61 6a 6f 72 20 62 65
0440   6e 65 66 69 74 20 74 6f 20 75 73 69 6e 67 20 41
0450   76 69 61 6e 20 43 61 72 72 69 65 72 73 20 69 73
0460   20 74 68 61 74 20 74 68 69 73 20 69 73 0a 20 20
0470   20 74 68 65 20 6f 6e 6c 79 20 6e 65 74 77 6f 72
0480   6b 69 6e 67 20 74 65 63 68 6e 6f 6c 6f 67 79 20
0490   74 68 61 74 20 65 61 72 6e 73 20 66 72 65 71 75
04a0   65 6e 74 20 66 6c 79 65 72 20 6d 69 6c 65 73 2c
04b0   20 70 6c 75 73 0a 20 20 20 74 68 65 20 43 6f 6e
04c0   63 6f 72 64 65 20 61 6e 64 20 46 69 72 73 74 20
04d0   63 6c 61 73 73 65 73 20 6f 66 20 73 65 72 76 69
04e0   63 65 20 65 61 72 6e 20 35 30 25 20 62 6f 6e 75
04f0   73 20 6d 69 6c 65 73 20 70 65 72 0a 20 20 20 70
0500   61 63 6b 65 74 2e 20 20 4f 73 74 72 69 63 68 65
0510   73 20 61 72 65 20 61 6e 20 61 6c 74 65 72 6e 61
0520   74 65 20 63 61 72 72 69 65 72 20 74 68 61 74 20
0530   68 61 76 65 20 6d 75 63 68 20 67 72 65 61 74 65
0540   72 0a 20 20 20 62 75 6c 6b 20 74 72 61 6e 73 66
0550   65 72 20 63 61 70 61 62 69 6c 69 74 79 20 62 75
0560   74 20 70 72 6f 76 69 64 65 20 73 6c 6f 77 65 72
0570   20 64 65 6c 69 76 65 72 79 2c 20 61 6e 64 20 72
0580   65 71 75 69 72 65 20 74 68 65 0a 20 20 20 75 73
0590   65 20 6f 66 20 62 72 69 64 67 65 73 20 62 65 74
05a0   77 65 65 6e 20 64 6f 6d 61 69 6e 73 2e 0a 0a 20
05b0   20 20 54 68 65 20 73 65 72 76 69 63 65 20 6c 65
05c0   76 65 6c 20 69 73 20 69 6e 64 69 63 61 74 65 64
05d0   20 6f 6e 20 61 20 70 65 72 2d 63 61 72 72 69 65
05e0   72 20 62 61 73 69 73 20 62 79

0000   ec f4 bb 96 12 0e 00 0c 29 b4 90 14 08 00 45 00
0010   00 28 db 98 40 00 40 06 4d 49 c0 a8 c8 15 c0 a8
0020   c8 87 07 d0 1e c4 6f 9b 26 e0 6a f0 82 aa 50 10
0030   01 f5 12 09 00 00

0000   00 0c 29 b4 90 14 ec f4 bb 96 12 0e 08 00 45 00
0010   05 dc 1d 20 40 00 80 06 c6 0d c0 a8 c8 87 c0 a8
0020   c8 15 1e c4 07 d0 6a f0 82 aa 6f 9b 26 e0 50 10
0030   04 02 ad 45 00 00 20 62 61 72 2d 63 6f 64 65 0a
0040   20 20 20 6d 61 72 6b 69 6e 67 73 20 6f 6e 20 74
0050   68 65 20 77 69 6e 67 2e 20 20 4f 6e 65 20 69 6d
0060   70 6c 65 6d 65 6e 74 61 74 69 6f 6e 20 73 74 72
0070   61 74 65 67 79 20 69 73 20 66 6f 72 20 61 20 62
0080   61 72 2d 63 6f 64 65 0a 20 20 20 72 65 61 64 65
0090   72 20 74 6f 20 73 63 61 6e 20 65 61 63 68 20 63
00a0   61 72 72 69 65 72 20 61 73 20 69 74 20 65 6e 74
00b0   65 72 73 20 74 68 65 20 72 6f 75 74 65 72 20 61
00c0   6e 64 20 74 68 65 6e 20 65 6e 71 75 65 75 65 0a
00d0   20 20 20 69 74 20 69 6e 20 74 68 65 20 70 72 6f
00e0   70 65 72 20 71 75 65 75 65 2c 20 67 61 74 65 64
00f0   20 74 6f 20 70 72 65 76 65 6e 74 20 65 78 69 74
0100   20 75 6e 74 69 6c 20 74 68 65 20 70 72 6f 70 65
0110   72 20 74 69 6d 65 2e 0a 20 20 20 54 68 65 20 63
0120   61 72 72 69 65 72 73 20 6d 61 79 20 73 6c 65 65
0130   70 20 77 68 69 6c 65 20 65 6e 71 75 65 75 65 64
0140   2e 0a 0a 20 20 20 46 6f 72 20 73 65 63 75 72 65
0150   20 6e 65 74 77 6f 72 6b 73 2c 20 63 61 72 72 69
0160   65 72 73 20 6d 61 79 20 68 61 76 65 20 63 6c 61
0170   73 73 65 73 20 50 72 69 6d 65 20 6f 72 20 43 68
0180   6f 69 63 65 2e 0a 20 20 20 50 72 69 6d 65 20 63
0190   61 72 72 69 65 72 73 20 61 72 65 20 73 65 6c 66
01a0   2d 6b 65 79 69 6e 67 20 77 68 65 6e 20 75 73 69
01b0   6e 67 20 70 75 62 6c 69 63 20 6b 65 79 20 65 6e
01c0   63 72 79 70 74 69 6f 6e 2e 0a 20 20 20 53 6f 6d
01d0   65 20 64 69 73 74 72 69 62 75 74 6f 72 73 20 68
01e0   61 76 65 20 62 65 65 6e 20 6b 6e 6f 77 6e 20 74
01f0   6f 20 66 61 6c 73 65 6c 79 20 63 6c 61 73 73 69
0200   66 79 20 43 68 6f 69 63 65 20 63 61 72 72 69 65
0210   72 73 0a 20 20 20 61 73 20 50 72 69 6d 65 2e 0a
0220   0a 20 20 20 50 61 63 6b 65 74 73 20 4d 41 59 20
0230   62 65 20 6d 61 72 6b 65 64 20 66 6f 72 20 64 65
0240   6c 65 74 69 6f 6e 20 75 73 69 6e 67 20 52 45 44
0250   20 70 61 69 6e 74 20 77 68 69 6c 65 20 65 6e 71
0260   75 65 75 65 64 2e 0a 0a 0a 0a 57 61 69 74 7a 6d
0270   61 6e 20 20 20 20 20 20 20 20 20 20 20 20 20 20
0280   20 20 20 20 20 20 20 20 45 78 70 65 72 69 6d 65
0290   6e 74 61 6c 20 20 20 20 20 20 20 20 20 20 20 20
02a0   20 20 20 20 20 20 20 20 20 20 5b 50 61 67 65 20
02b0   31 5d 0a 0c 0a 52 46 43 20 32 35 34 39 20 20 20
02c0   20 20 20 20 20 20 20 20 20 49 50 20 6f 76 65 72
02d0   20 41 76 69 61 6e 20 43 61 72 72 69 65 72 73 20
02e0   77 69 74 68 20 51 6f 53 20 20 20 20 20 20 20 20
02f0   20 31 20 41 70 72 69 6c 20 31 39 39 39 0a 0a 0a
0300   20 20 20 57 65 69 67 68 74 65 64 20 66 61 69 72
0310   20 71 75 65 75 65 69 6e 67 20 28 57 46 51 29 20
0320   4d 41 59 20 62 65 20 69 6d 70 6c 65 6d 65 6e 74
0330   65 64 20 75 73 69 6e 67 20 73 63 61 6c 65 73 2c
0340   20 61 73 0a 20 20 20 73 68 6f 77 6e 3a 0a 0a 20
0350   20 20 20 20 20 20 20 20 20 20 20 20 20 20 20 20
0360   20 20 20 20 20 20 20 20 20 20 20 20 20 20 20 20
0370   20 20 20 20 20 20 20 20 20 20 20 20 20 20 20 20
0380   20 5f 5f 0a 20 20 20 20 20 20 20 20 20 20 20 20
0390   20 20 20 20 20 20 20 20 20 20 20 20 20 20 20 20
03a0   20 20 20 20 20 20 5f 5f 5f 5f 5f 2f 2d 2d 2d 2d
03b0   2d 5c 20 20 20 2f 20 6f 5c 0a 20 20 20 20 20 20
03c0   20 20 20 20 20 20 20 20 20 20 20 20 20 20 20 20
03d0   20 20 20 20 20 20 20 20 20 20 20 3c 5f 5f 5f 5f
03e0   20 20 20 5f 5f 5f 5f 5f 5c 5f 2f 20 20 20 20 3e
03f0   2d 2d 0a 20 20 20 20 20 20 20 20 20 20 20 20 20
0400   20 20 20 20 2b 2d 2d 2d 2d 2d 2b 20 20 20 20 20
0410   20 20 20 20 20 20 20 20 20 5c 20 2f 20 20 20 20
0420   2f 5f 5f 5f 5f 5f 5f 2f 0a 20 20 20 20 20 20 20
0430   20 20 20 20 20 20 20 20 20 20 7c 20 31 30 67 20
0440   7c 20 20 20 20 20 20 20 20 20 20 20 20 20 20 20
0450   2f 7c 3a 7c 7c 2f 0a 20 20 20 20 20 20 20 20 20
0460   20 20 20 20 20 20 20 20 2b 2d 2d 2d 2d 2d 2b 20
0470   20 20 20 20 20 20 20 20 20 20 20 20 20 2f 5f 5f
0480   5f 5f 2f 7c 0a 20 20 20 20 20 20 20 20 20 20 20
0490   20 20 20 20 20 20 7c 20 31 30 67 20 7c 20 20 20
04a0   20 20 20 20 20 20 20 20 20 20 20 20 20 20 20 20
04b0   20 7c 0a 20 20 20 20 20 20 20 20 20 20 20 20 20
04c0   20 20 20 20 2b 2d 2d 2d 2d 2d 2b 20 20 20 20 20
04d0   20 20 20 20 20 2e 2e 20 20 20 20 20 20 20 20 58
04e0   0a 20 20 20 20 20 20 20 20 20 20 20 20 20 20 20
04f0   3d 3d 3d 3d 3d 3d 3d 3d 3d 3d 3d 3d 3d 3d 3d 3d
0500   3d 3d 3d 3d 3d 3d 3d 3d 3d 3d 3d 3d 3d 3d 3d 0a
0510   20 20 20 20 20 20 20 20 20 20 20 20 20 20 20 20
0520   20 20 20 20 20 20 20 20 20 20 20 20 20 20 5e 0a
0530   20 20 20 20 20 20 20 20 20 20 20 20 20 20 20 20
0540   20 20 20 20 20 20 20 20 20 20 20 20 20 20 7c 0a
0550   20 20 20 20 20 20 20 20 20 20 20 20 20 20 20 20
0560   20 20 20 20 20 20 20 20 20 20 3d 3d 3d 3d 3d 3d
0570   3d 3d 3d 0a 0a 20 20 20 43 61 72 72 69 65 72 73
0580   20 69 6e 20 74 68 65 20 71 75 65 75 65 20 74 6f
0590   6f 20 6c 6f 6e 67 20 6d 61 79 20 6c 65 61 76 65
05a0   20 6c 6f 67 20 65 6e 74 72 69 65 73 2c 20 61 73
05b0   20 73 68 6f 77 6e 20 6f 6e 20 74 68 65 0a 20 20
05c0   20 73 63 61 6c 65 2e 0a 0a 20 20 20 54 68 65 20
05d0   66 6f 6c 6c 6f 77 69 6e 67 20 69 73 20 61 20 70
05e0   6c 6f 74 20 6f 66 20 74 72 61

0000   ec f4 bb 96 12 0e 00 0c 29 b4 90 14 08 00 45 00
0010   00 28 db 99 40 00 40 06 4d 48 c0 a8 c8 15 c0 a8
0020   c8 87 07 d0 1e c4 6f 9b 26 e0 6a f0 88 5e 50 10
0030   01 f0 12 09 00 00

0000   00 0c 29 b4 90 14 ec f4 bb 96 12 0e 08 00 45 00
0010   05 dc 1d 21 40 00 80 06 c6 0c c0 a8 c8 87 c0 a8
0020   c8 15 1e c4 07 d0 6a f0 88 5e 6f 9b 26 e0 50 10
0030   04 02 9e df 00 00 66 66 69 63 20 73 68 61 70 69
0040   6e 67 2c 20 66 72 6f 6d 20 63 6f 6f 70 2d 65 72
0050   61 74 69 76 65 20 68 6f 73 74 0a 20 20 20 73 69
0060   74 65 73 2e 0a 0a 0a 20 20 20 20 20 20 20 20 41
0070   6c 74 20 7c 20 20 20 20 20 20 20 50 6c 6f 74 20
0080   6f 66 20 54 72 61 66 66 69 63 20 53 68 61 70 69
0090   6e 67 20 73 68 6f 77 69 6e 67 20 63 61 72 72 69
00a0   65 72 73 20 69 6e 20 66 6c 69 67 68 74 0a 20 20
00b0   20 20 20 20 20 20 20 20 20 20 7c 0a 20 20 20 20
00c0   20 20 20 20 20 32 6b 20 7c 20 20 20 20 20 20 20
00d0   20 20 20 20 2e 2e 2e 2e 2e 2e 2e 2e 2e 2e 2e 2e
00e0   2e 2e 2e 2e 2e 2e 2e 2e 0a 20 20 20 20 20 20 20
00f0   20 20 20 20 20 7c 20 20 20 20 20 20 20 20 20 20
0100   2e 20 20 20 20 20 20 20 20 20 20 20 20 20 20 20
0110   20 20 20 20 20 2e 0a 20 20 20 20 20 20 20 20 20
0120   20 20 20 7c 20 20 20 20 20 20 20 20 20 2e 20 20
0130   20 20 20 20 20 20 20 20 20 20 20 20 20 20 20 20
0140   20 20 20 20 2e 0a 20 20 20 20 20 20 20 20 20 31
0150   6b 20 7c 20 20 20 20 20 20 20 20 2e 20 20 20 20
0160   20 20 20 20 20 20 20 20 20 20 20 20 20 20 20 20
0170   20 20 20 20 2e 0a 20 20 20 20 20 20 20 20 20 20
0180   20 20 7c 20 20 20 2b 2d 2d 2d 2b 20 20 20 20 20
0190   20 20 20 20 20 20 20 20 20 20 20 20 20 20 20 20
01a0   20 20 20 20 20 2b 2d 2d 2d 2b 0a 20 20 20 20 20
01b0   20 20 20 20 20 20 20 7c 20 20 20 7c 20 41 20 7c
01c0   20 20 20 20 20 20 20 20 20 20 20 20 20 20 20 20
01d0   20 20 20 20 20 20 20 20 20 20 7c 20 42 20 7c 0a
01e0   20 20 20 20 20 20 20 20 20 20 20 20 7c 20 20 20
01f0   2b 2d 2d 2d 2b 20 20 20 20 20 20 20 20 20 20 20
0200   20 20 20 20 20 20 20 20 20 20 20 20 20 20 20 2b
0210   2d 2d 2d 2b 0a 20 20 20 20 20 20 20 20 20 20 20
0220   20 7c 5f 5f 5f 5f 5f 5f 5f 5f 5f 5f 5f 5f 5f 5f
0230   5f 5f 5f 5f 5f 5f 5f 5f 5f 5f 5f 5f 5f 5f 5f 5f
0240   5f 5f 5f 5f 5f 5f 5f 5f 5f 5f 5f 5f 5f 5f 5f 0a
0250   0a 0a 20 20 20 41 76 69 61 6e 20 63 61 72 72 69
0260   65 72 73 20 6e 6f 72 6d 61 6c 6c 79 20 62 79 70
0270   61 73 73 20 62 72 69 64 67 65 73 20 61 6e 64 20
0280   74 75 6e 6e 65 6c 73 20 62 75 74 20 77 69 6c 6c
0290   20 73 65 65 6b 20 6f 75 74 0a 20 20 20 77 6f 72
02a0   6d 20 68 6f 6c 65 20 74 75 6e 6e 65 6c 73 2e 20
02b0   20 57 68 65 6e 20 63 61 72 72 79 69 6e 67 20 77
02c0   65 62 20 74 72 61 66 66 69 63 2c 20 74 68 65 20
02d0   63 61 72 72 69 65 72 73 20 6d 61 79 0a 20 20 20
02e0   64 69 67 65 73 74 20 74 68 65 20 73 70 69 64 65
02f0   72 73 2c 20 6c 65 61 76 69 6e 67 20 62 65 68 69
0300   6e 64 20 61 20 6d 6f 72 65 20 63 6f 6d 70 61 63
0310   74 20 72 65 70 72 65 73 65 6e 74 61 74 69 6f 6e
0320   2e 0a 20 20 20 54 68 65 20 63 61 72 72 69 65 72
0330   73 20 6d 61 79 20 62 65 20 63 6f 6e 66 75 73 65
0340   64 20 62 79 20 6d 69 72 72 6f 72 73 2e 0a 0a 20
0350   20 20 52 6f 75 6e 64 2d 72 6f 62 69 6e 20 71 75
0360   65 75 65 69 6e 67 20 69 73 20 6e 6f 74 20 72 65
0370   63 6f 6d 6d 65 6e 64 65 64 2e 20 20 52 6f 62 69
0380   6e 73 20 6d 61 6b 65 20 66 6f 72 20 77 65 6c 6c
0390   2d 74 75 6e 65 64 0a 20 20 20 6e 65 74 77 6f 72
03a0   6b 73 20 62 75 74 20 64 6f 20 6e 6f 74 20 73 75
03b0   70 70 6f 72 74 20 74 68 65 20 6e 65 63 65 73 73
03c0   61 72 79 20 61 75 74 6f 2d 68 6f 6d 69 6e 67 20
03d0   66 65 61 74 75 72 65 2e 0a 0a 20 20 20 41 20 42
03e0   4f 46 20 77 61 73 20 68 65 6c 64 20 61 74 20 74
03f0   68 65 20 6c 61 73 74 20 49 45 54 46 20 62 75 74
0400   20 6f 6e 6c 79 20 41 76 69 61 6e 20 43 61 72 72
0410   69 65 72 73 20 77 65 72 65 20 61 6c 6c 6f 77 65
0420   64 0a 20 20 20 65 6e 74 72 79 2c 20 73 6f 20 77
0430   65 20 64 6f 6e 27 74 20 6b 6e 6f 77 20 74 68 65
0440   20 72 65 73 75 6c 74 73 20 6f 74 68 65 72 20 74
0450   68 61 6e 20 77 65 27 72 65 20 73 75 72 65 20 74
0460   68 65 79 20 74 68 69 6e 6b 0a 20 20 20 4d 50 4c
0470   53 20 69 73 20 67 72 65 61 74 2e 20 20 4f 75 72
0480   20 61 74 74 65 6d 70 74 73 20 61 74 20 61 74 74
0490   61 63 68 69 6e 67 20 6c 61 62 65 6c 73 20 74 6f
04a0   20 74 68 65 20 63 61 72 72 69 65 72 73 20 68 61
04b0   76 65 0a 20 20 20 62 65 65 6e 20 6d 65 74 20 77
04c0   69 74 68 20 72 65 73 69 73 74 61 6e 63 65 2e 0a
04d0   0a 0a 0a 0a 57 61 69 74 7a 6d 61 6e 20 20 20 20
04e0   20 20 20 20 20 20 20 20 20 20 20 20 20 20 20 20
04f0   20 20 45 78 70 65 72 69 6d 65 6e 74 61 6c 20 20
0500   20 20 20 20 20 20 20 20 20 20 20 20 20 20 20 20
0510   20 20 20 20 5b 50 61 67 65 20 32 5d 0a 0c 0a 52
0520   46 43 20 32 35 34 39 20 20 20 20 20 20 20 20 20
0530   20 20 20 49 50 20 6f 76 65 72 20 41 76 69 61 6e
0540   20 43 61 72 72 69 65 72 73 20 77 69 74 68 20 51
0550   6f 53 20 20 20 20 20 20 20 20 20 31 20 41 70 72
0560   69 6c 20 31 39 39 39 0a 0a 0a 20 20 20 4e 41 54
0570   73 20 61 72 65 20 6e 6f 74 20 72 65 63 6f 6d 6d
0580   65 6e 64 65 64 20 65 69 74 68 65 72 20 2d 2d 20
0590   61 73 20 77 69 74 68 20 6d 61 6e 79 20 70 72 6f
05a0   74 6f 63 6f 6c 73 2c 20 6d 6f 64 69 66 79 69 6e
05b0   67 0a 20 20 20 74 68 65 20 62 72 61 69 6e 2d 65
05c0   6d 62 65 64 64 65 64 20 49 50 20 61 64 64 72 65
05d0   73 73 65 73 20 69 73 20 64 69 66 66 69 63 75 6c
05e0   74 2c 20 70 6c 75 73 20 41 76

0000   ec f4 bb 96 12 0e 00 0c 29 b4 90 14 08 00 45 00
0010   00 28 db 9a 40 00 40 06 4d 47 c0 a8 c8 15 c0 a8
0020   c8 87 07 d0 1e c4 6f 9b 26 e0 6a f0 8e 12 50 10
0030   01 e9 12 09 00 00

0000   00 0c 29 b4 90 14 ec f4 bb 96 12 0e 08 00 45 00
0010   05 dc 1d 22 40 00 80 06 c6 0b c0 a8 c8 87 c0 a8
0020   c8 15 1e c4 07 d0 6a f0 8e 12 6f 9b 26 e0 50 10
0030   04 02 65 5d 00 00 69 61 6e 20 43 61 72 72 69 65
0040   72 73 20 4d 41 59 0a 20 20 20 65 61 74 20 74 68
0050   65 20 4e 41 54 73 2e 0a 0a 20 20 20 45 6e 63 61
0060   70 73 75 6c 61 74 69 6f 6e 20 6d 61 79 20 62 65
0070   20 64 6f 6e 65 20 77 69 74 68 20 73 61 72 61 6e
0080   20 77 72 61 70 70 65 72 73 2e 20 20 55 6e 69 6e
0090   74 65 6e 74 69 6f 6e 61 6c 0a 20 20 20 65 6e 63
00a0   61 70 73 75 6c 61 74 69 6f 6e 20 69 6e 20 68 61
00b0   77 6b 73 20 68 61 73 20 62 65 65 6e 20 6b 6e 6f
00c0   77 6e 20 74 6f 20 6f 63 63 75 72 2c 20 77 69 74
00d0   68 20 64 65 63 61 70 73 75 6c 61 74 69 6f 6e 0a
00e0   20 20 20 62 65 69 6e 67 20 6d 65 73 73 79 20 61
00f0   6e 64 20 74 68 65 20 70 61 63 6b 65 74 73 20 6d
0100   61 6e 67 6c 65 64 2e 0a 0a 20 20 20 4c 6f 6f 73
0110   65 20 73 6f 75 72 63 65 20 72 6f 75 74 65 73 20
0120   61 72 65 20 61 20 76 69 61 62 6c 65 20 65 76 6f
0130   6c 75 74 69 6f 6e 61 72 79 20 61 6c 74 65 72 6e
0140   61 74 69 76 65 20 65 6e 68 61 6e 63 65 64 0a 20
0150   20 20 73 74 61 6e 64 61 72 64 73 2d 62 61 73 65
0160   64 20 4d 53 57 69 6e 64 6f 77 73 2d 63 6f 6d 70
0170   6c 69 61 6e 74 20 74 65 63 68 6e 6f 6c 6f 67 79
0180   2c 20 62 75 74 20 73 74 72 69 63 74 20 73 6f 75
0190   72 63 65 0a 20 20 20 72 6f 75 74 65 73 20 4d 55
01a0   53 54 20 4e 4f 54 20 62 65 20 75 73 65 64 2c 20
01b0   61 73 20 74 68 65 79 20 61 72 65 20 61 20 63 68
01c0   6f 6b 65 2d 70 6f 69 6e 74 2e 0a 0a 20 20 20 54
01d0   68 65 20 49 54 55 20 68 61 73 20 6f 66 66 65 72
01e0   65 64 20 74 68 65 20 49 45 54 46 20 66 6f 72 6d
01f0   61 6c 20 61 6c 69 67 6e 6d 65 6e 74 20 77 69 74
0200   68 20 69 74 73 20 63 6f 72 72 65 73 70 6f 6e 64
0210   69 6e 67 0a 20 20 20 74 65 63 68 6e 6f 6c 6f 67
0220   79 2c 20 50 65 6e 67 75 69 6e 73 2c 20 62 75 74
0230   20 74 68 61 74 20 77 6f 6e 27 74 20 66 6c 79 2e
0240   0a 0a 20 20 20 4d 75 6c 74 69 63 61 73 74 69 6e
0250   67 20 69 73 20 73 75 70 70 6f 72 74 65 64 2c 20
0260   62 75 74 20 72 65 71 75 69 72 65 73 20 74 68 65
0270   20 69 6d 70 6c 65 6d 65 6e 74 61 74 69 6f 6e 20
0280   6f 66 20 61 20 63 6c 6f 6e 65 0a 20 20 20 64 65
0290   76 69 63 65 2e 20 20 43 61 72 72 69 65 72 73 20
02a0   6d 61 79 20 62 65 20 6c 6f 73 74 20 69 66 20 74
02b0   68 65 79 20 61 72 65 20 62 61 73 65 64 20 6f 6e
02c0   20 61 20 74 72 65 65 20 61 73 20 69 74 20 69 73
02d0   0a 20 20 20 62 65 69 6e 67 20 70 72 75 6e 65 64
02e0   2e 20 20 54 68 65 20 63 61 72 72 69 65 72 73 20
02f0   70 72 6f 70 61 67 61 74 65 20 76 69 61 20 61 6e
0300   20 69 6e 68 65 72 69 74 61 6e 63 65 20 74 72 65
0310   65 2e 20 20 54 68 65 0a 20 20 20 63 61 72 72 69
0320   65 72 73 20 68 61 76 65 20 61 6e 20 61 76 65 72
0330   61 67 65 20 54 54 4c 20 6f 66 20 31 35 20 79 65
0340   61 72 73 2c 20 73 6f 20 74 68 65 69 72 20 75 73
0350   65 20 69 6e 20 65 78 70 61 6e 64 69 6e 67 0a 20
0360   20 20 72 69 6e 67 20 73 65 61 72 63 68 65 73 20
0370   69 73 20 6c 69 6d 69 74 65 64 2e 0a 0a 20 20 20
0380   41 64 64 69 74 69 6f 6e 61 6c 20 71 75 61 6c 69
0390   74 79 20 6f 66 20 73 65 72 76 69 63 65 20 64 69
03a0   73 63 75 73 73 69 6f 6e 20 63 61 6e 20 62 65 20
03b0   66 6f 75 6e 64 20 69 6e 20 61 20 4d 69 63 68 65
03c0   6c 69 6e 27 73 0a 20 20 20 67 75 69 64 65 2e 0a
03d0   0a 4d 49 42 20 61 6e 64 20 4d 61 6e 61 67 65 6d
03e0   65 6e 74 20 69 73 73 75 65 73 0a 0a 20 20 20 41
03f0   76 43 61 72 72 69 65 72 32 20 4f 42 4a 45 43 54
0400   2d 54 59 50 45 0a 20 20 20 20 20 53 59 4e 54 41
0410   58 20 20 20 20 20 53 45 51 55 45 4e 43 45 20 4f
0420   46 20 44 4e 41 0a 20 20 20 20 20 4d 41 58 2d 41
0430   43 43 45 53 53 20 63 61 6e 27 74 2d 72 65 61 64
0440   0a 20 20 20 20 20 53 54 41 54 55 53 20 20 20 20
0450   20 6c 69 76 69 6e 67 0a 20 20 20 20 20 44 45 53
0460   43 52 49 50 54 49 4f 4e 20 22 44 65 66 69 6e 69
0470   74 69 6f 6e 20 6f 66 20 61 6e 20 61 76 69 61 6e
0480   20 63 61 72 72 69 65 72 22 0a 20 20 20 20 20 3a
0490   3a 3d 20 7b 20 6c 69 66 65 20 65 75 6b 61 72 79
04a0   6f 74 65 73 20 6d 69 74 6f 63 68 6f 6e 64 72 69
04b0   61 6c 5f 65 75 6b 61 72 79 6f 74 65 73 20 63 72
04c0   6f 77 6e 5f 65 75 6b 61 72 79 6f 74 65 73 0a 20
04d0   20 20 20 20 20 20 20 20 20 20 6d 65 74 61 7a 6f
04e0   61 20 63 68 6f 72 64 61 74 61 20 63 72 61 6e 69
04f0   61 74 61 20 76 65 72 74 65 62 72 61 74 61 20 67
0500   6e 61 74 68 6f 73 74 6f 6d 61 74 61 0a 20 20 20
0510   20 20 20 20 20 20 20 20 73 61 72 63 6f 70 74 65
0520   72 79 67 69 69 20 74 65 72 72 65 73 74 72 69 61
0530   6c 5f 76 65 72 74 65 62 72 61 74 65 73 20 61 6d
0540   6e 69 6f 74 61 20 64 69 61 70 73 69 64 61 0a 20
0550   20 20 20 20 20 20 20 20 20 20 61 72 63 68 6f 73
0560   61 75 72 6f 6d 6f 72 70 68 61 20 61 72 63 68 6f
0570   73 61 75 72 69 61 20 64 69 6e 6f 73 61 75 72 69
0580   61 20 61 76 65 73 20 6e 65 6f 72 6e 69 74 68 65
0590   73 0a 20 20 20 20 20 20 20 20 20 20 20 63 6f 6c
05a0   75 6d 62 69 66 6f 72 6d 65 73 20 63 6f 6c 75 6d
05b0   62 69 64 61 65 20 63 6f 6c 75 6d 62 61 20 6c 69
05c0   76 69 61 20 7d 0a 0a 20 20 20 41 76 43 61 72 72
05d0   69 65 72 20 4f 42 4a 45 43 54 2d 54 59 50 45 0a
05e0   20 20 20 20 20 53 59 4e 54 41

0000   ec f4 bb 96 12 0e 00 0c 29 b4 90 14 08 00 45 00
0010   00 28 db 9b 40 00 40 06 4d 46 c0 a8 c8 15 c0 a8
0020   c8 87 07 d0 1e c4 6f 9b 26 e0 6a f0 93 c6 50 10
0030   01 e1 12 09 00 00

0000   00 0c 29 b4 90 14 ec f4 bb 96 12 0e 08 00 45 00
0010   05 dc 1d 23 40 00 80 06 c6 0a c0 a8 c8 87 c0 a8
0020   c8 15 1e c4 07 d0 6a f0 93 c6 6f 9b 26 e0 50 10
0030   04 02 7e 66 00 00 58 20 20 20 20 20 53 45 54 20
0040   4f 46 20 43 65 6c 6c 73 0a 20 20 20 20 20 4d 41
0050   58 2d 41 43 43 45 53 53 20 6e 6f 74 2d 61 63 63
0060   65 73 73 69 62 6c 65 0a 20 20 20 20 20 53 54 41
0070   54 55 53 20 20 20 20 20 6f 62 73 6f 6c 65 74 65
0080   0a 20 20 20 20 20 44 45 53 43 52 49 50 54 49 4f
0090   4e 20 22 44 65 66 69 6e 69 74 69 6f 6e 20 6f 66
00a0   20 61 6e 20 61 76 69 61 6e 20 63 61 72 72 69 65
00b0   72 22 0a 20 20 20 20 20 3a 3a 3d 20 7b 20 6c 69
00c0   66 65 20 61 6e 69 6d 61 6c 69 61 20 63 68 6f 72
00d0   64 61 74 61 20 76 65 72 74 65 62 72 61 74 61 20
00e0   61 76 65 73 0a 20 20 20 20 20 20 20 20 20 20 20
00f0   63 6f 6c 75 6d 62 69 66 6f 72 6d 65 73 20 63 6f
0100   6c 75 6d 62 69 64 61 65 20 63 6f 6c 75 6d 62 61
0110   20 6c 69 76 69 61 20 7d 0a 0a 20 20 20 50 75 6c
0120   73 65 52 61 74 65 20 4f 42 4a 45 43 54 2d 54 59
0130   50 45 0a 20 20 20 20 20 53 59 4e 54 41 58 20 20
0140   20 20 20 47 61 75 67 65 28 30 2e 2e 33 30 30 29
0150   0a 20 20 20 20 20 4d 41 58 2d 41 43 43 45 53 53
0160   20 72 65 61 64 2d 6f 6e 6c 79 0a 0a 0a 0a 57 61
0170   69 74 7a 6d 61 6e 20 20 20 20 20 20 20 20 20 20
0180   20 20 20 20 20 20 20 20 20 20 20 20 45 78 70 65
0190   72 69 6d 65 6e 74 61 6c 20 20 20 20 20 20 20 20
01a0   20 20 20 20 20 20 20 20 20 20 20 20 20 20 5b 50
01b0   61 67 65 20 33 5d 0a 0c 0a 52 46 43 20 32 35 34
01c0   39 20 20 20 20 20 20 20 20 20 20 20 20 49 50 20
01d0   6f 76 65 72 20 41 76 69 61 6e 20 43 61 72 72 69
01e0   65 72 73 20 77 69 74 68 20 51 6f 53 20 20 20 20
01f0   20 20 20 20 20 31 20 41 70 72 69 6c 20 31 39 39
0200   39 0a 0a 0a 20 20 20 20 20 53 54 41 54 55 53 20
0210   20 20 20 20 63 75 72 72 65 6e 74 0a 20 20 20 20
0220   20 44 45 53 43 52 49 50 54 49 4f 4e 20 22 50 75
0230   6c 73 65 20 72 61 74 65 20 6f 66 20 63 61 72 72
0240   69 65 72 2c 20 61 73 20 6d 65 61 73 75 72 65 64
0250   20 69 6e 20 6e 65 63 6b 2e 0a 20 20 20 20 20 20
0260   20 20 20 20 20 20 20 20 20 20 20 20 46 72 65 71
0270   75 65 6e 74 20 73 61 6d 70 6c 69 6e 67 20 69 73
0280   20 64 69 73 72 75 70 74 69 76 65 20 74 6f 20 6f
0290   70 65 72 61 74 69 6f 6e 73 2e 22 0a 20 20 20 20
02a0   20 3a 3a 3d 20 7b 20 41 76 43 61 72 72 69 65 72
02b0   20 31 7d 0a 0a 20 20 20 54 68 65 20 63 61 72 72
02c0   69 65 72 73 20 77 69 6c 6c 20 6e 6f 74 20 6c 69
02d0   6e 65 20 75 70 20 69 6e 20 6c 65 78 69 67 72 61
02e0   70 68 69 63 20 6f 72 64 65 72 20 62 75 74 20 77
02f0   69 6c 6c 0a 20 20 20 6e 61 74 75 72 61 6c 6c 79
0300   20 6f 72 64 65 72 20 69 6e 20 61 20 6c 61 72 67
0310   65 20 56 20 73 68 61 70 65 2e 20 20 42 75 6c 6b
0320   20 72 65 74 72 69 65 76 61 6c 20 69 73 20 70 6f
0330   73 73 69 62 6c 65 0a 20 20 20 75 73 69 6e 67 20
0340   74 68 65 20 50 6f 77 65 72 66 75 6c 20 47 65 74
0350   2d 4e 65 74 20 6f 70 65 72 61 74 6f 72 2e 0a 0a
0360   53 70 65 63 69 66 69 63 61 74 69 6f 6e 20 6f 66
0370   20 52 65 71 75 69 72 65 6d 65 6e 74 73 0a 0a 20
0380   20 20 49 6e 20 74 68 69 73 20 64 6f 63 75 6d 65
0390   6e 74 2c 20 73 65 76 65 72 61 6c 20 77 6f 72 64
03a0   73 20 61 72 65 20 75 73 65 64 20 74 6f 20 73 69
03b0   67 6e 69 66 79 20 74 68 65 20 72 65 71 75 69 72
03c0   65 6d 65 6e 74 73 0a 20 20 20 6f 66 20 74 68 65
03d0   20 73 70 65 63 69 66 69 63 61 74 69 6f 6e 2e 20
03e0   20 54 68 65 73 65 20 77 6f 72 64 73 20 61 72 65
03f0   20 6f 66 74 65 6e 20 63 61 70 69 74 61 6c 69 7a
0400   65 64 2e 0a 0a 20 20 20 4d 55 53 54 20 20 20 20
0410   20 20 55 73 75 61 6c 6c 79 2e 0a 0a 20 20 20 4d
0420   55 53 54 20 4e 4f 54 20 20 55 73 75 61 6c 6c 79
0430   20 6e 6f 74 2e 0a 0a 20 20 20 53 48 4f 55 4c 44
0440   20 20 20 20 4f 6e 6c 79 20 77 68 65 6e 20 4d 61
0450   72 6b 65 74 69 6e 67 20 69 6e 73 69 73 74 73 2e
0460   0a 0a 20 20 20 4d 41 59 20 20 20 20 20 20 20 4f
0470   6e 6c 79 20 69 66 20 69 74 20 64 6f 65 73 6e 27
0480   74 20 63 6f 73 74 20 65 78 74 72 61 2e 0a 0a 53
0490   65 63 75 72 69 74 79 20 43 6f 6e 73 69 64 65 72
04a0   61 74 69 6f 6e 73 0a 0a 20 20 20 54 68 65 72 65
04b0   20 61 72 65 20 70 72 69 76 61 63 79 20 69 73 73
04c0   75 65 73 20 77 69 74 68 20 73 74 6f 6f 6c 20 70
04d0   69 67 65 6f 6e 73 2e 0a 0a 20 20 20 41 67 6f 72
04e0   61 70 68 6f 62 69 63 20 63 61 72 72 69 65 72 73
04f0   20 61 72 65 20 76 65 72 79 20 69 6e 73 65 63 75
0500   72 65 20 69 6e 20 6f 70 65 72 61 74 69 6f 6e 2e
0510   0a 0a 50 61 74 65 6e 74 20 43 6f 6e 73 69 64 65
0520   72 61 74 69 6f 6e 73 0a 0a 20 20 20 54 68 65 72
0530   65 20 69 73 20 6f 6e 67 6f 69 6e 67 20 6c 69 74
0540   69 67 61 74 69 6f 6e 20 61 62 6f 75 74 20 77 68
0550   69 63 68 20 69 73 20 74 68 65 20 70 72 69 6f 72
0560   20 61 72 74 3a 20 63 61 72 72 69 65 72 20 6f 72
0570   0a 20 20 20 65 67 67 2e 0a 0a 52 65 66 65 72 65
0580   6e 63 65 73 0a 0a 20 20 20 57 61 69 74 7a 6d 61
0590   6e 2c 20 44 2e 2c 20 22 41 20 53 74 61 6e 64 61
05a0   72 64 20 66 6f 72 20 74 68 65 20 54 72 61 6e 73
05b0   6d 69 73 73 69 6f 6e 20 6f 66 20 49 50 20 44 61
05c0   74 61 67 72 61 6d 73 20 6f 6e 0a 20 20 20 41 76
05d0   69 61 6e 20 43 61 72 72 69 65 72 73 22 2c 20 52
05e0   46 43 20 31 31 34 39 2c 20 31

0000   ec f4 bb 96 12 0e 00 0c 29 b4 90 14 08 00 45 00
0010   00 28 db 9c 40 00 40 06 4d 45 c0 a8 c8 15 c0 a8
0020   c8 87 07 d0 1e c4 6f 9b 26 e0 6a f0 99 7a 50 10
0030   01 da 12 09 00 00

0000   00 0c 29 b4 90 14 ec f4 bb 96 12 0e 08 00 45 00
0010   05 dc 1d 24 40 00 80 06 c6 09 c0 a8 c8 87 c0 a8
0020   c8 15 1e c4 07 d0 6a f0 99 7a 6f 9b 26 e0 50 10
0030   04 02 df 5b 00 00 20 41 70 72 69 6c 20 31 39 39
0040   30 2e 0a 0a 41 43 4b 6e 6f 77 6c 65 64 67 6d 65
0050   6e 74 73 0a 0a 20 20 20 4a 69 6d 2e 43 61 72 6c
0060   73 6f 6e 2e 49 62 6e 65 74 73 2e 63 6f 6d 20 3e
0070   20 4a 6f 6e 2e 53 61 70 65 72 69 61 20 2e 20 61
0080   63 6b 20 33 32 20 77 69 6e 20 31 32 33 20 28 44
0090   46 29 0a 20 20 20 52 6f 73 73 20 43 61 6c 6c 6f
00a0   6e 2c 20 53 63 6f 74 74 20 42 72 61 64 6e 65 72
00b0   2c 20 43 68 61 72 6c 69 65 20 4c 79 6e 6e 20 2e
00c0   2e 2e 0a 0a 0a 0a 0a 0a 0a 0a 0a 0a 57 61 69 74
00d0   7a 6d 61 6e 20 20 20 20 20 20 20 20 20 20 20 20
00e0   20 20 20 20 20 20 20 20 20 20 45 78 70 65 72 69
00f0   6d 65 6e 74 61 6c 20 20 20 20 20 20 20 20 20 20
0100   20 20 20 20 20 20 20 20 20 20 20 20 5b 50 61 67
0110   65 20 34 5d 0a 0c 0a 52 46 43 20 32 35 34 39 20
0120   20 20 20 20 20 20 20 20 20 20 20 49 50 20 6f 76
0130   65 72 20 41 76 69 61 6e 20 43 61 72 72 69 65 72
0140   73 20 77 69 74 68 20 51 6f 53 20 20 20 20 20 20
0150   20 20 20 31 20 41 70 72 69 6c 20 31 39 39 39 0a
0160   0a 0a 41 75 74 68 6f 72 27 73 20 41 64 64 72 65
0170   73 73 0a 0a 20 20 20 44 61 76 69 64 20 57 61 69
0180   74 7a 6d 61 6e 0a 20 20 20 49 72 6f 6e 42 72 69
0190   64 67 65 20 4e 65 74 77 6f 72 6b 73 0a 20 20 20
01a0   35 35 20 48 61 79 64 65 6e 20 41 76 65 0a 20 20
01b0   20 4c 65 78 69 6e 67 74 6f 6e 2c 20 4d 41 20 30
01c0   32 34 32 31 0a 20 20 20 50 68 6f 6e 65 3a 20 28
01d0   37 38 31 29 20 33 37 32 2d 38 31 36 31 0a 0a 20
01e0   20 20 45 4d 61 69 6c 3a 20 64 6a 77 40 76 69 6e
01f0   65 79 61 72 64 2e 6e 65 74 0a 0a 0a 0a 0a 0a 0a
0200   0a 0a 0a 0a 0a 0a 0a 0a 0a 0a 0a 0a 0a 0a 0a 0a
0210   0a 0a 0a 0a 0a 0a 0a 0a 0a 0a 0a 0a 0a 0a 0a 0a
0220   0a 0a 0a 0a 57 61 69 74 7a 6d 61 6e 20 20 20 20
0230   20 20 20 20 20 20 20 20 20 20 20 20 20 20 20 20
0240   20 20 45 78 70 65 72 69 6d 65 6e 74 61 6c 20 20
0250   20 20 20 20 20 20 20 20 20 20 20 20 20 20 20 20
0260   20 20 20 20 5b 50 61 67 65 20 35 5d 0a 0c 0a 52
0270   46 43 20 32 35 34 39 20 20 20 20 20 20 20 20 20
0280   20 20 20 49 50 20 6f 76 65 72 20 41 76 69 61 6e
0290   20 43 61 72 72 69 65 72 73 20 77 69 74 68 20 51
02a0   6f 53 20 20 20 20 20 20 20 20 20 31 20 41 70 72
02b0   69 6c 20 31 39 39 39 0a 0a 0a 46 75 6c 6c 20 43
02c0   6f 70 79 72 69 67 68 74 20 53 74 61 74 65 6d 65
02d0   6e 74 0a 0a 20 20 20 43 6f 70 79 72 69 67 68 74
02e0   20 28 43 29 20 54 68 65 20 49 6e 74 65 72 6e 65
02f0   74 20 53 6f 63 69 65 74 79 20 28 31 39 39 39 29
0300   2e 20 20 41 6c 6c 20 52 69 67 68 74 73 20 52 65
0310   73 65 72 76 65 64 2e 0a 0a 20 20 20 54 68 69 73
0320   20 64 6f 63 75 6d 65 6e 74 20 61 6e 64 20 74 72
0330   61 6e 73 6c 61 74 69 6f 6e 73 20 6f 66 20 69 74
0340   20 6d 61 79 20 62 65 20 63 6f 70 69 65 64 20 61
0350   6e 64 20 66 75 72 6e 69 73 68 65 64 20 74 6f 0a
0360   20 20 20 6f 74 68 65 72 73 2c 20 61 6e 64 20 64
0370   65 72 69 76 61 74 69 76 65 20 77 6f 72 6b 73 20
0380   74 68 61 74 20 63 6f 6d 6d 65 6e 74 20 6f 6e 20
0390   6f 72 20 6f 74 68 65 72 77 69 73 65 20 65 78 70
03a0   6c 61 69 6e 20 69 74 0a 20 20 20 6f 72 20 61 73
03b0   73 69 73 74 20 69 6e 20 69 74 73 20 69 6d 70 6c
03c0   65 6d 65 6e 74 61 74 69 6f 6e 20 6d 61 79 20 62
03d0   65 20 70 72 65 70 61 72 65 64 2c 20 63 6f 70 69
03e0   65 64 2c 20 70 75 62 6c 69 73 68 65 64 0a 20 20
03f0   20 61 6e 64 20 64 69 73 74 72 69 62 75 74 65 64
0400   2c 20 69 6e 20 77 68 6f 6c 65 20 6f 72 20 69 6e
0410   20 70 61 72 74 2c 20 77 69 74 68 6f 75 74 20 72
0420   65 73 74 72 69 63 74 69 6f 6e 20 6f 66 20 61 6e
0430   79 0a 20 20 20 6b 69 6e 64 2c 20 70 72 6f 76 69
0440   64 65 64 20 74 68 61 74 20 74 68 65 20 61 62 6f
0450   76 65 20 63 6f 70 79 72 69 67 68 74 20 6e 6f 74
0460   69 63 65 20 61 6e 64 20 74 68 69 73 20 70 61 72
0470   61 67 72 61 70 68 20 61 72 65 0a 20 20 20 69 6e
0480   63 6c 75 64 65 64 20 6f 6e 20 61 6c 6c 20 73 75
0490   63 68 20 63 6f 70 69 65 73 20 61 6e 64 20 64 65
04a0   72 69 76 61 74 69 76 65 20 77 6f 72 6b 73 2e 20
04b0   20 48 6f 77 65 76 65 72 2c 20 74 68 69 73 0a 20
04c0   20 20 64 6f 63 75 6d 65 6e 74 20 69 74 73 65 6c
04d0   66 20 6d 61 79 20 6e 6f 74 20 62 65 20 6d 6f 64
04e0   69 66 69 65 64 20 69 6e 20 61 6e 79 20 77 61 79
04f0   2c 20 73 75 63 68 20 61 73 20 62 79 20 72 65 6d
0500   6f 76 69 6e 67 0a 20 20 20 74 68 65 20 63 6f 70
0510   79 72 69 67 68 74 20 6e 6f 74 69 63 65 20 6f 72
0520   20 72 65 66 65 72 65 6e 63 65 73 20 74 6f 20 74
0530   68 65 20 49 6e 74 65 72 6e 65 74 20 53 6f 63 69
0540   65 74 79 20 6f 72 20 6f 74 68 65 72 0a 20 20 20
0550   49 6e 74 65 72 6e 65 74 20 6f 72 67 61 6e 69 7a
0560   61 74 69 6f 6e 73 2c 20 65 78 63 65 70 74 20 61
0570   73 20 6e 65 65 64 65 64 20 66 6f 72 20 74 68 65
0580   20 70 75 72 70 6f 73 65 20 6f 66 0a 20 20 20 64
0590   65 76 65 6c 6f 70 69 6e 67 20 49 6e 74 65 72 6e
05a0   65 74 20 73 74 61 6e 64 61 72 64 73 20 69 6e 20
05b0   77 68 69 63 68 20 63 61 73 65 20 74 68 65 20 70
05c0   72 6f 63 65 64 75 72 65 73 20 66 6f 72 0a 20 20
05d0   20 63 6f 70 79 72 69 67 68 74 73 20 64 65 66 69
05e0   6e 65 64 20 69 6e 20 74 68 65

0000   ec f4 bb 96 12 0e 00 0c 29 b4 90 14 08 00 45 00
0010   00 28 db 9d 40 00 40 06 4d 44 c0 a8 c8 15 c0 a8
0020   c8 87 07 d0 1e c4 6f 9b 26 e0 6a f0 9f 2e 50 10
0030   01 d2 12 09 00 00

0000   00 0c 29 b4 90 14 ec f4 bb 96 12 0e 08 00 45 00
0010   03 1f 1d 25 40 00 80 06 c8 c5 c0 a8 c8 87 c0 a8
0020   c8 15 1e c4 07 d0 6a f0 9f 2e 6f 9b 26 e0 50 18
0030   04 02 7c 66 00 00 20 49 6e 74 65 72 6e 65 74 20
0040   53 74 61 6e 64 61 72 64 73 20 70 72 6f 63 65 73
0050   73 20 6d 75 73 74 20 62 65 0a 20 20 20 66 6f 6c
0060   6c 6f 77 65 64 2c 20 6f 72 20 61 73 20 72 65 71
0070   75 69 72 65 64 20 74 6f 20 74 72 61 6e 73 6c 61
0080   74 65 20 69 74 20 69 6e 74 6f 20 6c 61 6e 67 75
0090   61 67 65 73 20 6f 74 68 65 72 20 74 68 61 6e 0a
00a0   20 20 20 45 6e 67 6c 69 73 68 2e 0a 0a 20 20 20
00b0   54 68 65 20 6c 69 6d 69 74 65 64 20 70 65 72 6d
00c0   69 73 73 69 6f 6e 73 20 67 72 61 6e 74 65 64 20
00d0   61 62 6f 76 65 20 61 72 65 20 70 65 72 70 65 74
00e0   75 61 6c 20 61 6e 64 20 77 69 6c 6c 20 6e 6f 74
00f0   20 62 65 0a 20 20 20 72 65 76 6f 6b 65 64 20 62
0100   79 20 74 68 65 20 49 6e 74 65 72 6e 65 74 20 53
0110   6f 63 69 65 74 79 20 6f 72 20 69 74 73 20 73 75
0120   63 63 65 73 73 6f 72 73 20 6f 72 20 61 73 73 69
0130   67 6e 73 2e 0a 0a 20 20 20 54 68 69 73 20 64 6f
0140   63 75 6d 65 6e 74 20 61 6e 64 20 74 68 65 20 69
0150   6e 66 6f 72 6d 61 74 69 6f 6e 20 63 6f 6e 74 61
0160   69 6e 65 64 20 68 65 72 65 69 6e 20 69 73 20 70
0170   72 6f 76 69 64 65 64 20 6f 6e 20 61 6e 0a 20 20
0180   20 22 41 53 20 49 53 22 20 62 61 73 69 73 20 61
0190   6e 64 20 54 48 45 20 49 4e 54 45 52 4e 45 54 20
01a0   53 4f 43 49 45 54 59 20 41 4e 44 20 54 48 45 20
01b0   49 4e 54 45 52 4e 45 54 20 45 4e 47 49 4e 45 45
01c0   52 49 4e 47 0a 20 20 20 54 41 53 4b 20 46 4f 52
01d0   43 45 20 44 49 53 43 4c 41 49 4d 53 20 41 4c 4c
01e0   20 57 41 52 52 41 4e 54 49 45 53 2c 20 45 58 50
01f0   52 45 53 53 20 4f 52 20 49 4d 50 4c 49 45 44 2c
0200   20 49 4e 43 4c 55 44 49 4e 47 0a 20 20 20 42 55
0210   54 20 4e 4f 54 20 4c 49 4d 49 54 45 44 20 54 4f
0220   20 41 4e 59 20 57 41 52 52 41 4e 54 59 20 54 48
0230   41 54 20 54 48 45 20 55 53 45 20 4f 46 20 54 48
0240   45 20 49 4e 46 4f 52 4d 41 54 49 4f 4e 0a 20 20
0250   20 48 45 52 45 49 4e 20 57 49 4c 4c 20 4e 4f 54
0260   20 49 4e 46 52 49 4e 47 45 20 41 4e 59 20 52 49
0270   47 48 54 53 20 4f 52 20 41 4e 59 20 49 4d 50 4c
0280   49 45 44 20 57 41 52 52 41 4e 54 49 45 53 20 4f
0290   46 0a 20 20 20 4d 45 52 43 48 41 4e 54 41 42 49
02a0   4c 49 54 59 20 4f 52 20 46 49 54 4e 45 53 53 20
02b0   46 4f 52 20 41 20 50 41 52 54 49 43 55 4c 41 52
02c0   20 50 55 52 50 4f 53 45 2e 0a 0a 0a 0a 0a 0a 0a
02d0   0a 0a 0a 0a 0a 0a 0a 0a 0a 0a 0a 0a 0a 0a 0a 0a
02e0   0a 0a 57 61 69 74 7a 6d 61 6e 20 20 20 20 20 20
02f0   20 20 20 20 20 20 20 20 20 20 20 20 20 20 20 20
0300   45 78 70 65 72 69 6d 65 6e 74 61 6c 20 20 20 20
0310   20 20 20 20 20 20 20 20 20 20 20 20 20 20 20 20
0320   20 20 5b 50 61 67 65 20 36 5d 0a 0c 0a

0000   ec f4 bb 96 12 0e 00 0c 29 b4 90 14 08 00 45 00
0010   00 28 db 9e 40 00 40 06 4d 43 c0 a8 c8 15 c0 a8
0020   c8 87 07 d0 1e c4 6f 9b 26 e0 6a f0 a2 25 50 10
0030   01 cd 12 09 00 00

0000   ec f4 bb 96 12 0e 00 0c 29 b4 90 14 08 00 45 00
0010   00 2a db 9f 40 00 40 06 4d 40 c0 a8 c8 15 c0 a8
0020   c8 87 07 d0 1e c4 6f 9b 26 e0 6a f0 a2 25 50 18
0030   01 f5 12 0b 00 00 62 0a

0000   00 0c 29 b4 90 14 ec f4 bb 96 12 0e 08 00 45 00
0010   00 28 1d 2d 40 00 80 06 cb b4 c0 a8 c8 87 c0 a8
0020   c8 15 1e c4 07 d0 6a f0 a2 25 6f 9b 26 e2 50 10
0030   04 02 cf bc 00 00 00 00 00 00 00 00

0000   ec f4 bb 96 12 0e 00 0c 29 b4 90 14 08 00 45 00
0010   00 2a db a0 40 00 40 06 4d 3f c0 a8 c8 15 c0 a8
0020   c8 87 07 d0 1e c4 6f 9b 26 e2 6a f0 a2 25 50 18
0030   01 f5 12 0b 00 00 79 0a

0000   00 0c 29 b4 90 14 ec f4 bb 96 12 0e 08 00 45 00
0010   00 28 1d 33 40 00 80 06 cb ae c0 a8 c8 87 c0 a8
0020   c8 15 1e c4 07 d0 6a f0 a2 25 6f 9b 26 e4 50 10
0030   04 02 cf ba 00 00 00 00 00 00 00 00

0000   ec f4 bb 96 12 0e 00 0c 29 b4 90 14 08 00 45 00
0010   00 2a db a1 40 00 40 06 4d 3e c0 a8 c8 15 c0 a8
0020   c8 87 07 d0 1e c4 6f 9b 26 e4 6a f0 a2 25 50 18
0030   01 f5 12 0b 00 00 65 0a

0000   00 0c 29 b4 90 14 ec f4 bb 96 12 0e 08 00 45 00
0010   00 28 1d 38 40 00 80 06 cb a9 c0 a8 c8 87 c0 a8
0020   c8 15 1e c4 07 d0 6a f0 a2 25 6f 9b 26 e6 50 10
0030   04 02 cf b8 00 00 00 00 00 00 00 00

0000   ec f4 bb 96 12 0e 00 0c 29 b4 90 14 08 00 45 00
0010   00 28 db a2 40 00 40 06 4d 3f c0 a8 c8 15 c0 a8
0020   c8 87 07 d0 1e c4 6f 9b 26 e6 6a f0 a2 25 50 11
0030   01 f5 12 09 00 00

0000   00 0c 29 b4 90 14 ec f4 bb 96 12 0e 08 00 45 00
0010   00 28 1d 3a 40 00 80 06 cb a7 c0 a8 c8 87 c0 a8
0020   c8 15 1e c4 07 d0 6a f0 a2 25 6f 9b 26 e7 50 10
0030   04 02 cf b7 00 00 00 00 00 00 00 00

0000   00 0c 29 b4 90 14 ec f4 bb 96 12 0e 08 00 45 00
0010   00 28 1d 3b 40 00 80 06 cb a6 c0 a8 c8 87 c0 a8
0020   c8 15 1e c4 07 d0 6a f0 a2 25 6f 9b 26 e7 50 11
0030   04 02 cf b6 00 00 00 00 00 00 00 00

0000   ec f4 bb 96 12 0e 00 0c 29 b4 90 14 08 00 45 00
0010   00 28 00 00 40 00 40 06 28 e2 c0 a8 c8 15 c0 a8
0020   c8 87 07 d0 1e c4 6f 9b 26 e7 6a f0 a2 26 50 10
0030   01 f5 d1 c3 00 00






