0000   00 00 00 00 00 00 00 00 00 00 00 00 08 00 45 00
0010   00 3c b9 57 40 00 40 06 83 62 7f 00 00 01 7f 00
0020   00 01 c9 3e ff 98 d7 79 f1 e0 00 00 00 00 a0 02
0030   ff d7 fe 30 00 00 02 04 ff d7 04 02 08 0a 56 2a
0040   d7 83 00 00 00 00 01 03 03 0a

0000   00 00 00 00 00 00 00 00 00 00 00 00 08 00 45 00
0010   00 3c 00 00 40 00 40 06 3c ba 7f 00 00 01 7f 00
0020   00 01 ff 98 c9 3e e0 75 e5 46 d7 79 f1 e1 a0 12
0030   ff cb fe 30 00 00 02 04 ff d7 04 02 08 0a 56 2a
0040   d7 83 56 2a d7 83 01 03 03 0a

