0000   00 00 00 00 00 00 00 00 00 00 00 00 08 00 45 00
0010   00 3c b9 57 40 00 40 06 83 62 7f 00 00 01 7f 00
0020   00 01 c9 3e ff 98 d7 79 f1 e0 00 00 00 00 a0 02
0030   ff d7 fe 30 00 00 02 04 ff d7 04 02 08 0a 56 2a
0040   d7 83 00 00 00 00 01 03 03 0a

0000   00 00 00 00 00 00 00 00 00 00 00 00 08 00 45 00
0010   00 3c 00 00 40 00 40 06 3c ba 7f 00 00 01 7f 00
0020   00 01 ff 98 c9 3e e0 75 e5 46 d7 79 f1 e1 a0 12
0030   ff cb fe 30 00 00 02 04 ff d7 04 02 08 0a 56 2a
0040   d7 83 56 2a d7 83 01 03 03 0a

0000   00 00 00 00 00 00 00 00 00 00 00 00 08 00 45 00
0010   00 34 b9 58 40 00 40 06 83 69 7f 00 00 01 7f 00
0020   00 01 c9 3e ff 98 d7 79 f1 e1 e0 75 e5 47 80 10
0030   00 40 fe 28 00 00 01 01 08 0a 56 2a d7 83 56 2a
0040   d7 83

0000   00 00 00 00 00 00 00 00 00 00 00 00 08 00 45 00
0010   00 76 30 78 40 00 40 06 0c 08 7f 00 00 01 7f 00
0020   00 01 ff 98 c9 3e e0 75 e5 47 d7 79 f1 e1 80 18
0030   00 40 fe 6a 00 00 01 01 08 0a 56 2a d7 83 56 2a
0040   d7 83 42 6f 6e 6a 6f 75 72 20 43 6c 69 65 6e 74
0050   2c 20 6a 65 20 73 75 69 73 20 6c 65 20 73 65 72
0060   76 65 75 72 20 36 35 34 33 32 2c 20 6c 61 20 63
0070   6f 6e 6e 65 78 69 6f 6e 20 65 73 74 20 65 74 61
0080   62 6c 69 65

0000   00 00 00 00 00 00 00 00 00 00 00 00 08 00 45 00
0010   00 34 b9 59 40 00 40 06 83 68 7f 00 00 01 7f 00
0020   00 01 c9 3e ff 98 d7 79 f1 e1 e0 75 e5 89 80 10
0030   00 40 fe 28 00 00 01 01 08 0a 56 2a d7 83 56 2a
0040   d7 83

0000   00 00 00 00 00 00 00 00 00 00 00 00 08 00 45 00
0010   00 76 b9 5a 40 00 40 06 83 25 7f 00 00 01 7f 00
0020   00 01 c9 3e ff 98 d7 79 f1 e1 e0 75 e5 89 80 18
0030   00 40 fe 6a 00 00 01 01 08 0a 56 2a d7 84 56 2a
0040   d7 83 42 6f 6e 6a 6f 75 72 20 53 65 72 76 65 75
0050   72 20 36 35 34 33 32 2c 20 6e 6f 75 73 20 73 6f
0060   6d 6d 65 73 20 64 6f 6e 63 20 64 61 6e 73 20 6c
0070   61 20 70 68 61 73 65 20 64 65 20 74 72 61 6e 73
0080   66 65 72 74

0000   00 00 00 00 00 00 00 00 00 00 00 00 08 00 45 00
0010   00 34 30 79 40 00 40 06 0c 49 7f 00 00 01 7f 00
0020   00 01 ff 98 c9 3e e0 75 e5 89 d7 79 f2 23 80 10
0030   00 40 fe 28 00 00 01 01 08 0a 56 2a d7 84 56 2a
0040   d7 84

0000   00 00 00 00 00 00 00 00 00 00 00 00 08 00 45 00
0010   00 58 b9 5b 40 00 40 06 83 42 7f 00 00 01 7f 00
0020   00 01 c9 3e ff 98 d7 79 f2 23 e0 75 e5 89 80 18
0030   00 40 fe 4c 00 00 01 01 08 0a 56 2a d7 84 56 2a
0040   d7 84 53 65 72 76 65 75 72 20 36 35 34 33 32 2c
0050   20 6a 65 20 76 6f 75 73 20 64 69 73 20 61 75 20
0060   72 65 76 6f 69 72

0000   00 00 00 00 00 00 00 00 00 00 00 00 08 00 45 00
0010   00 34 30 7a 40 00 40 06 0c 48 7f 00 00 01 7f 00
0020   00 01 ff 98 c9 3e e0 75 e5 89 d7 79 f2 47 80 10
0030   00 40 fe 28 00 00 01 01 08 0a 56 2a d7 84 56 2a
0040   d7 84

0000   00 00 00 00 00 00 00 00 00 00 00 00 08 00 45 00
0010   00 34 b9 5c 40 00 40 06 83 65 7f 00 00 01 7f 00
0020   00 01 c9 3e ff 98 d7 79 f2 47 e0 75 e5 89 80 11
0030   00 40 fe 28 00 00 01 01 08 0a 56 2a d7 84 56 2a
0040   d7 84

0000   00 00 00 00 00 00 00 00 00 00 00 00 08 00 45 00
0010   00 34 30 7b 40 00 40 06 0c 47 7f 00 00 01 7f 00
0020   00 01 ff 98 c9 3e e0 75 e5 89 d7 79 f2 48 80 11
0030   00 40 fe 28 00 00 01 01 08 0a 56 2a d7 84 56 2a
0040   d7 84

0000   00 00 00 00 00 00 00 00 00 00 00 00 08 00 45 00
0010   00 34 b9 5d 40 00 40 06 83 64 7f 00 00 01 7f 00
0020   00 01 c9 3e ff 98 d7 79 f2 48 e0 75 e5 8a 80 10
0030   00 40 fe 28 00 00 01 01 08 0a 56 2a d7 84 56 2a
0040   d7 84
